teleportenabled: true
teleportauto: false
godmode: false
muted: false
jailed: false
ip-address: 0:0:0:0:0:0:0:1%0
afk: false
socialspy: false
npc: false
powertoolsenabled: true
accepting-pay: true
baltop-exempt: false
timestamps:
  lastteleport: 1710581359499
  lastheal: 0
  mute: 0
  jail: 0
  onlinejail: 0
  logout: 1710582315270
  login: 1710579419512
  kits:
    color: 1710539787767
    dtools: 1710539799051
    firework: 1710539817063
    notch: 1710539823792
    tools: 1710539832891
money: '0'
last-account-name: Galwun
homes:
  home:
    world: 654b409d-2d18-47fe-a0c2-dc7bb0b4f764
    world-name: world
    x: 1913.0202655774726
    y: 51.0
    z: -626.474240699978
    yaw: -3.4658079147338867
    pitch: 6.630194187164307
  wioska:
    world: 654b409d-2d18-47fe-a0c2-dc7bb0b4f764
    world-name: world
    x: 4566.300000011921
    y: 63.0
    z: -1455.8529668081012
    yaw: -175.95957946777344
    pitch: 35.900238037109375
lastlocation:
  world: 654b409d-2d18-47fe-a0c2-dc7bb0b4f764
  world-name: world
  x: 4547.149367519388
  y: 63.5
  z: -1483.7057780546766
  yaw: -127.40260314941406
  pitch: 23.378559112548828
logoutlocation:
  world: 654b409d-2d18-47fe-a0c2-dc7bb0b4f764
  world-name: world
  x: 1915.2260051918727
  y: 51.0
  z: -606.9953538577766
  yaw: 172.02528381347656
  pitch: 7.134441375732422
